OUTPUT :
	mp3 file in matrix form:    (after reading mp3 file)
		[[0 0 0]
		[0 0 0]
		[0 0 0]
		...
		[0 0 0]
		[0 0 0]
		[0 0 0]]
		
	mp4 file im matrix form:     (after reading mp4 file)
		[[[4 4 4]
		  [4 4 4]
		  [4 4 4]
		  ...
		  [3 3 3]
		  [3 3 3]
		  [3 3 3]]

		 [[4 4 4]
          [4 4 4]
          [4 4 4]
          ...
          [3 3 3] 
          [3 3 3]
          [3 3 3]]

         [[4 4 4]
          [4 4 4]
          [4 4 4]
          ...
          [3 3 3]
          [3 3 3]
          [3 3 3]]
		  
		 [4 4 4]
          [4 4 4]
          [4 4 4]
          ...
          [3 3 3] 
          [3 3 3]
          [3 3 3]]
		  
		 [4 4 4]
          [4 4 4]
          [4 4 4]
          ...
          [3 3 3] 
          [3 3 3]
          [3 3 3]]]
		  
		  
    Reading the resultant file after hiding mp3 in mp4 :
		[[[4 4 4 0]
		[4 4 4 0]
		[4 4 4 0]
		[4 4 4 0]
		[4 4 4 0]
		[4 4 4 0]
		[4 4 4 0]
		[4 4 4 0]
		[4 4 4 0]]]
		[[[4 4 4 0]
		[4 4 4 0]
[4 4 4 0]
[4 4 4 0]
[4 4 4 0]
[4 4 4 0]
[4 4 4 0]

[4 4 4 0]
[4 4 4 0]
[4 4 4 0]
[4 4 4 0]
[4 4 4 0]
[4 4 4 0]
[4 4 4 0]
[4 4 4 0]
[4 4 4 0]
[4 4 4 0]
[4 4 4 0]
[4 4 4 0]
[4 4 4 0]
[4 4 4 0]
[4 4 4 0]
[4 4 4 0]
[4 4 4 0]
[4 4 4 0]
[4 4 4 0]
[4 4 4 0]
[4 4 4 0]
[4 4 4 0]
[4 4 4 0]
[4 4 4 0]
[4 4 4 0]
[4 4 4 0]
[4 4 4 0]
[4 4 4 0]
[4 4 4 0]
[4 4 4 0]
[4 4 4 0]
[4 4 4 0]
[3 3 3 0]
[3 3 3 0]
[3 3 3 0]
[3 3 3 0]
[3 3 3 0]
[3 3 3 0]
[3 3 3 0]
[3 3 3 0]
[3 3 3 0]
[3 3 3 0]
[3 3 3 0]
[3 3 3 0]
[3 3 3 0]
[3 3 3 0]
[3 3 3 0]
[3 3 3 0]
[3 3 3 0]]]

[[3 3 3 0]
[3 3 3 0]
[3 3 3 0]
[3 3 3 0]
[3 3 3 0]
[3 3 3 0]
[3 3 3 0]
[3 3 3 0]
[3 3 3 0]
[3 3 3 0]
[3 3 3 0]
[3 3 3 0]
[3 3 3 0]
[3 3 3 0]
[3 3 3 0]
[3 3 3 0]
[3 3 3 0]
[3 3 3 0]
[3 3 3 0]
[3 3 3 0]
[3 3 3 0]
[3 3 3 0]
[3 3 3 0]
[3 3 3 0]
[3 3 3 0]
[3 3 3 0]
[3 3 3 0]
[3 3 3 0]
[3 3 3 0]
[3 3 3 0]
[3 3 3 0]
[3 3 3 0]
[3 3 3 0]
[3 3 3 0]
[3 3 3 0]
[3 3 3 0]
[3 3 3 0]
[3 3 3 0]
[3 3 3 0]
[3 3 3 0]
[3 3 3 0]
[3 3 3 0]
[3 3 3 0]
[3 3 3 0]
[3 3 3 0]
[3 3 3 0]
[3 3 3 0]
[3 3 3 0]
[3 3 3 0]
[3 3 3 0]
[3 3 3 0]
[3 3 3 0]
[3 3 3 0]
[3 3 3 0]
[3 3 3 0]
[3 3 3 0]
[3 3 3 0]
[3 3 3 0]
[3 3 3 0]
[3 3 3 0]
[3 3 3 0]
[3 3 3 0]
[3 3 3 0]
[3 3 3 0]
[3 3 3 0]
[3 3 3 0]
[3 3 3 0]
[3 3 3 0]
[3 3 3 0]
[3 3 3 0]
[3 3 3 0]
[3 3 3 0]
[3 3 3 0]
[3 3 3 0]
[3 3 3 0]
[3 3 3 0]
[3 3 3 0]
[3 3 3 0]
[3 3 3 0]
[3 3 3 0]
[3 3 3 0]
[3 3 3 0]
[3 3 3 0]
[3 3 3 0]
[3 3 3 0]
[3 3 3 0]
[3 3 3 0]
[3 3 3 0]
[3 3 3 0]
[3 3 3 0]
[3 3 3 0]
[3 3 3 0]
[3 3 3 0]
[3 3 3 0]
[3 3 3 0]
[3 3 3 0]
[3 3 3 0]
[3 3 3 0]
[3 3 3 0]
[3 3 3 0]
[3 3 3 0]
[3 3 3 0]
[3 3 3 0]
[3 3 3 0]
[3 3 3 0]
[3 3 3 0]
[3 3 3 0]
[3 3 3 0]
[3 3 3 0]
[3 3 3 0]
[3 3 3 0]
[3 3 3 0]
[3 3 3 0]
[3 3 3 0]
[3 3 3 0]
[3 3 3 0]
[3 3 3 0]
[3 3 3 0]
[3 3 3 0]
[3 3 3 0]
[3 3 3 0]
[3 3 3 0]
[3 3 3 0]
[3 3 3 0]
[3 3 3 0]
[3 3 3 0]
[3 3 3 0]
[3 3 3 0]
[3 3 3 0]
[3 3 3 0]
[3 3 3 0]
[3 3 3 0]
[3 3 3 0]
[3 3 3 0]
[3 3 3 0]
[3 3 3 0]
[3 3 3 0]
[3 3 3 0]
[3 3 3 0]
[3 3 3 0]
[3 3 3 0]
[3 3 3 0]
[3 3 3 0]
[3 3 3 0]
[3 3 3 0]
[3 3 3 0]
[3 3 3 0]
[3 3 3 0]
[3 3 3 0]
[3 3 3 0]
[3 3 3 0]
[3 3 3 0]
[3 3 3 0]
[3 3 3 0]
[3 3 3 0]
[3 3 3 0]
[3 3 3 0]
[3 3 3 0]
[3 3 3 0]
[3 3 3 0]
[3 3 3 0]
[3 3 3 0]
[3 3 3 0]
[3 3 3 0]
[3 3 3 0]
[3 3 3 0]
[3 3 3 0]
[3 3 3 0]
[3 3 3 0]
[3 3 3 0]
[3 3 3 0]
[3 3 3 0]
[3 3 3 0]
[3 3 3 0]
[3 3 3 0]
[3 3 3 0]
[3 3 3 0]
[3 3 3 0]
[3 3 3 0]
[3 3 3 0]
[3 3 3 0]
[3 3 3 0]
[3 3 3 0]
[3 3 3 0]
[3 3 3 0]
[3 3 3 0]
[3 3 3 0]
[3 3 3 0]
[3 3 3 0]
[3 3 3 0]
[3 3 3 0]
[3 3 3 0]
[3 3 3 0]
[3 3 3 0]]]
[[[3 3 3 0]
[3 3 3 0]
[3 3 3 0]
[3 3 3 0]
[3 3 3 0]
[3 3 3 0]
[3 3 3 0]
[3 3 3 0]
[3 3 3 0]
[3 3 3 0]
[3 3 3 0]
[3 3 3 0]
[3 3 3 0]
[3 3 3 0]
[3 3 3 0]
[3 3 3 0]
[3 3 3 0]
[3 3 3 0]
[3 3 3 0]
[3 3 3 0]
[3 3 3 0]
[3 3 3 0]
[3 3 3 0]
[3 3 3 0]
[3 3 3 0]
[3 3 3 0]
[3 3 3 0]
[3 3 3 0]
[3 3 3 0]
[3 3 3 0]
[3 3 3 0]
[3 3 3 0]
[3 3 3 0]
[3 3 3 0]
[3 3 3 0]
[3 3 3 0]
[3 3 3 0]
[3 3 3 0]
[3 3 3 0]
[3 3 3 0]
[3 3 3 0]
[3 3 3 0]
[3 3 3 0]
[3 3 3 0]
[3 3 3 0]
[3 3 3 0]
[3 3 3 0]
[3 3 3 0]
[3 3 3 0]
[3 3 3 0]
[3 3 3 0]
[3 3 3 0]
[3 3 3 0]
[3 3 3 0]
[3 3 3 0]
[3 3 3 0]
[3 3 3 0]
[3 3 3 0]
[3 3 3 0]
[3 3 3 0]
[3 3 3 0]
[3 3 3 0]
[3 3 3 0]
[3 3 3 0]
[3 3 3 0]
[3 3 3 0]
[3 3 3 0]
[3 3 3 0]
[3 3 3 0]
[3 3 3 0]
[3 3 3 0]
[3 3 3 0]
[3 3 3 0]
[3 3 3 0]
[3 3 3 0]
[3 3 3 0]
[3 3 3 0]
[3 3 3 0]
[3 3 3 0]
[3 3 3 0]
[3 3 3 0]
[3 3 3 0]
[3 3 3 0]
[3 3 3 0]
[3 3 3 0]
[3 3 3 0]
[3 3 3 0]
[3 3 3 0]
[3 3 3 0]
[3 3 3 0]
[3 3 3 0]
[3 3 3 0]
[3 3 3 0]
[3 3 3 0]
[3 3 3 0]
[3 3 3 0]
[3 3 3 0]
[3 3 3 0]
[3 3 3 0]
[3 3 3 0]
[3 3 3 0]
[3 3 3 0]
[3 3 3 0]
[3 3 3 0]
[3 3 3 0]
[3 3 3 0]
[3 3 3 0]
[3 3 3 0]
[3 3 3 0]
[3 3 3 0]
[3 3 3 0]
[3 3 3 0]
[3 3 3 0]
[3 3 3 0]
[3 3 3 0]
[3 3 3 0]
[3 3 3 0]
[3 3 3 0]
[3 3 3 0]
[3 3 3 0]
[3 3 3 0]
[3 3 3 0]
[3 3 3 0]
[3 3 3 0]
[3 3 3 0]
[3 3 3 0]
[3 3 3 0]
[3 3 3 0]
[3 3 3 0]
[3 3 3 0]
[3 3 3 0]
[3 3 3 0]
[3 3 3 0]
[3 3 3 0]
[3 3 3 0]
[3 3 3 0]
[3 3 3 0]
[3 3 3 0]
[3 3 3 0]
[3 3 3 0]
[3 3 3 0]
[3 3 3 0]
[3 3 3 0]
[3 3 3 0]
[3 3 3 0]
[3 3 3 0]
[3 3 3 0]
[3 3 3 0]
[3 3 3 0]
[3 3 3 0]
[3 3 3 0]
[3 3 3 0]
[3 3 3 0]
[3 3 3 0]
[3 3 3 0]
[3 3 3 0]
[3 3 3 0]
[3 3 3 0]
[3 3 3 0]
[3 3 3 0]
[3 3 3 0]
[3 3 3 0]
[3 3 3 0]
...........
............
...........
..........
[4 4 4 0]
[4 4 4 0]
[4 4 4 0]
[4 4 4 0]
[3 3 3 0]
[3 3 3 0]
[3 3 3 0]
[3 3 3 0]
[3 3 3 0]
[3 3 3 0]
[3 3 3 0]]]